	// printf("tamaño a:  %d nums : nums: %d\n", ft_lstsize(*a), nums);
		// printf("<<<stack a>>>\n");
		// print_stack(a);
		// printf( "-----\n");
		// printf("<<<stack b>>>\n");
		// print_stack(b);


		/*Da problemas con 
-135 -129 -50 -77 55 88 82 -83 -12 44 125 -58 5 95 50 25 -142 47 83 -80 
1 -85 -13 31 -39 -94 -125 -82 28 58 33 -49 -3 -29 -111 -45 90 135 -101 -57 27 -147 -28 120 62 -131 57 -124 
-90 110 91 -32 72 -15 -63 59 64 77 -21 -136 -56 14 -44 -41 -76 105 117 
106 -89 -14 -126 -121 143 -25 -55 30 -75 12 93 97 -74 -86 48 52 112 39
 -141 53 -52 11 -67 -144 3 -1 138 123 69 -51 -27 -139 -69 147 115 101 84 45 75 -96 18 
 19 -91 68 139 107 -60 36 26 -9 9 132 -40 81 -30 98 24 133 66 -6 -112 -8 108 -119 -87 -36 146 
65 100 49 -115 111 -122 116 102 -26 -84 -23 -138 7
*/